+----------------------+--------+--------+---------+---------+-----+-------+
| Name                 |  Lines |    LOC | Classes | Methods | M/C | LOC/M |
+----------------------+--------+--------+---------+---------+-----+-------+
| Controllers          |     28 |     17 |       2 |       2 |   1 |     6 |
| Helpers              |     14 |     13 |       0 |       1 |   0 |    11 |
| Jobs                 |      2 |      2 |       1 |       0 |   0 |     0 |
| Models               |      3 |      3 |       1 |       0 |   0 |     0 |
| Mailers              |      4 |      4 |       1 |       0 |   0 |     0 |
| Javascripts          |     48 |     23 |       0 |       7 |   0 |     1 |
| Libraries            |    173 |    133 |       2 |       7 |   3 |    17 |
| Tasks                |    124 |     96 |       0 |       0 |   0 |     0 |
| Controller tests     |      0 |      0 |       0 |       0 |   0 |     0 |
| Helper tests         |      0 |      0 |       0 |       0 |   0 |     0 |
| Model tests          |      0 |      0 |       0 |       0 |   0 |     0 |
| Mailer tests         |      0 |      0 |       0 |       0 |   0 |     0 |
| Integration tests    |      0 |      0 |       0 |       0 |   0 |     0 |
| Controller specs     |     12 |      9 |       0 |       0 |   0 |     0 |
| Helper specs         |     15 |      4 |       0 |       0 |   0 |     0 |
| View specs           |      5 |      4 |       0 |       0 |   0 |     0 |
| Cucumber features    |     60 |      9 |       0 |       0 |   0 |     0 |
+----------------------+--------+--------+---------+---------+-----+-------+
| Total                |    488 |    317 |       7 |      17 |   2 |    16 |
+----------------------+--------+--------+---------+---------+-----+-------+
  Code LOC: 291     Test LOC: 26     Code to Test Ratio: 1:0.1

